"","site","X","Y","all_developed","Agriculture","Minimally_Managed"
"1","D01_BART",-71.27187646,44.03695606,3.782252258529,0.278687382428761,95.7240065956014
"2","D01_HARV",-72.21483707,42.47934151,4.35254983438511,2.28421561330422,85.9991040216728
"3","D01_HOPB",-72.34523423,42.48906381,5.18653321201092,3.24284703265595,91.4391871398241
"4","D02_BLAN",-78.02249518,39.08655392,6.28079561634379,59.2854985546015,32.8998576174656
"5","D02_SCBI",-78.14948828,38.87423105,13.2017515195085,8.54246999106812,78.158290307823
"6","D02_SERC",-76.56344992,38.89007983,16.2391346970786,15.7887284055508,51.8838637997516
"7","D03_DSNY",-81.42877706,28.09420636,14.1069051559645,10.6171264873948,70.9151368833417
"8","D03_JERC",-84.47137061,31.24278682,4.2485835694051,44.8677998111426,49.960103871577
"9","D03_OSBS",-81.98995776,29.68148018,12.8576566092477,12.1755785339362,70.284751433455
"10","D04_CUPE",-66.98676,18.11352,1.76023391812866,0,98.2397660818713
"11","D04_GUAN",-66.85325275,17.98646134,12.1431383073895,10.5084988370013,60.2776883163357
"12","D04_GUIL",-66.79851,18.1741,1.20039415927618,0,98.7996058407238
"13","D04_LAJA",-67.03607055,18.05217127,12.5819878910192,17.418372495315,69.8158425832492
"14","D05_CHEQ",-90.08368862,45.80863442,2.1703254945389,0,97.7873319870584
"15","D05_LIRO",-89.70111108,46.00158434,4.63742690058479,0,83.0350877192982
"16","D05_STEI",-89.54954087,45.4990481,3.02832902409814,3.72250763909875,89.7572277626675
"17","D05_UNDE",-89.5078944,46.20763581,4.77285847244966,0.000883589967130453,79.0818911181536
"18","D06_KONZ",-96.57390582,39.12407934,6.86106786101019,19.548404872204,71.5564910392198
"19","D06_MCDI",-96.47721307,38.95890311,2.68187221590835,17.3466055309532,79.6188162140272
"20","D06_UKFS",-95.19635779,39.03397943,12.904983097838,58.6108611590749,27.0629149541574
"21","D07_GRSM",-83.48105956,35.66514385,1.72201441474318,0.0786880759054831,98.1894614998632
"22","D07_MLBS",-80.53206651,37.38185059,2.34655185695577,5.41423081202763,92.1608990764437
"23","D07_ORNL",-84.30791104,35.93774148,12.9472528416236,9.02541359194715,69.9450384301602
"24","D08_DELA",-87.80397163,32.55087247,8.94986869670414,23.5360420170547,58.1316573721637
"25","D08_LENO",-88.1925308,31.83244248,1.70672329845644,1.88218688490625,92.0374494975655
"26","D08_TALL",-87.41760779,32.92867926,4.05951269339304,0.0665493884162793,95.5148807527819
"27","D09_NOGP",-100.9136151,46.78593898,13.4150463491098,26.5913757700205,58.8304138041761
"28","D09_WOOD",-99.18300463,47.15554055,2.29490259508575,34.2988986941319,52.72741688669
"29","D10_ARIK",-102.5179573,39.73892358,1.92495320211016,22.7556866526746,75.3193601452153
"30","D10_CPER",-104.73384,40.82676381,1.22345908060194,0.101010101010101,98.675530818388
"31","D10_RMNP",-105.510597,40.21888239,1.30502696763571,0.430417865315207,98.2420169224653
"32","D10_STER",-103.0426071,40.47998395,3.39600610916218,67.0162580860391,29.5877358047987
"33","D11_BLUE",-96.65156666,34.46395212,2.64934520383186,15.0235307315584,81.7712691514776
"34","D11_CLBJ",-97.60848158,33.36978061,5.10455581970792,5.5392751443404,88.6167580418223
"35","D11_OAES",-99.10043393,35.36381523,3.87480159064013,37.0050983493463,58.3413257951798
"36","D11_PRIN",-97.82619469,33.37582864,4.3079700266075,5.93826684593037,89.6033320484012
"37","D12_YELL",-110.5240263,44.93094302,0.83616570883547,0,98.7831982677536
"38","D13_MOAB",-109.38827,38.24832983,0.849831694569935,0.344915404375941,98.8035919922048
"39","D13_NIWO",-105.5603781,40.03122718,1.12183033145993,0.00752312253839005,97.3261937425322
"40","D13_WLOU",-105.917302,39.89027554,1.94338450616736,0,98.0566154938326
"41","D14_JORN",-106.8193199,32.61048846,0.0991023854155026,0,99.9008976145845
"42","D14_SRER",-110.8526168,31.82888682,0.524748987141096,0.0052844812400916,99.4692619341201
"43","D15_ONAQ",-112.4899562,40.19073264,0.528392702305746,2.25018138061616,97.1977137194529
"44","D15_REDB",-111.7774487,40.80321667,0.412876588607187,0,99.5871234113928
"45","D16_ABBY",-122.3163079,45.75870356,4.48479956954533,0.259617971482378,95.2549098735539
"46","D16_MCRA",-122.1507863,44.26862477,0,0,100
"47","D16_WREF",-121.8277274,45.84008616,4.91455350951197,0.149735643708674,94.8124770869129
"48","D17_SJER",-119.73228,37.0903628,1.54301379898468,0.0200317073310325,98.3957464100319
"49","D17_SOAP",-119.234339,37.05928131,0.127058257928264,0,99.8729417420717
"50","D17_TEAK",-119.0338595,37.02541494,0.036783083554189,0,98.7666663522813
"51","D18_BARR",-156.4762193,71.29793764,2.83123772002323,0,61.9732227787015
"52","D18_OKSR",-149.1980101,68.61793439,0.469639938427272,0,95.9765540105219
"53","D18_TOOL",-149.4654852,68.62104405,0.690260406612276,0,97.1836698061767
"54","D19_BONA",-147.5089683,65.17944849,0.400823043219721,0,99.5071195228937
"55","D19_DEJU",-145.7180894,63.85846443,1.98323416373073,0,97.4097171369052
"56","D19_HEAL",-149.21334,63.87997645,1.04253753542185,0,98.4334538850532
"57","D20_PUUM",-155.2938636,19.55696594,1.38924939467312,0,98.6107506053269
